39765
34248
42328
29001
31227
39150
26310
34689
27996
36333
28275
28851
26802
29893
27477
25609
28668
29269
26938
26704
26831
24372
30333
25339
25093
24106
23451
21943
26724
21843
19679
25220
22764
20818
24953
25019
20960
20599
18464
22358
22146
23042
20467
18368
18176
18804
20166
19990
20218
19005
19109
19292
17568
18544
18379
17765
19575
15405
15484
16588
18136
18527
15973
14818
17826
14833
15045
14853
15169
15458
17507
15463
14853
15087
14893
13482
14614
12364
13028
14728
14438
12937
12457
13318
13499
13420
13119
13784
13682
12079
13325
13400
12564
12354
12553
11995
12184
12216
14344
11579
