5.522916666666666
4.756666666666667
5.878888888888889
4.027916666666667
4.337083333333333
5.4375
3.654166666666667
4.817916666666667
3.888333333333333
5.04625
3.9270833333333335
4.007083333333333
3.7225
4.151805555555556
3.81625
3.5568055555555556
3.9816666666666665
4.065138888888889
3.741388888888889
3.7088888888888887
3.7265277777777777
3.385
4.212916666666667
3.5193055555555555
3.485138888888889
3.3480555555555553
3.2570833333333336
3.047638888888889
3.7116666666666664
3.03375
2.7331944444444445
3.5027777777777778
3.1616666666666666
2.891388888888889
3.4656944444444444
3.474861111111111
2.911111111111111
2.8609722222222222
2.5644444444444443
3.105277777777778
3.075833333333333
3.200277777777778
2.8426388888888887
2.551111111111111
2.5244444444444443
2.611666666666667
2.8008333333333333
2.776388888888889
2.8080555555555557
2.6395833333333334
2.654027777777778
2.6794444444444445
2.44
2.5755555555555554
2.5526388888888887
2.467361111111111
2.71875
2.1395833333333334
2.1505555555555556
2.303888888888889
2.5188888888888887
2.5731944444444443
2.218472222222222
2.0580555555555557
2.4758333333333336
2.060138888888889
2.089583333333333
2.0629166666666667
2.1068055555555554
2.1469444444444443
2.4315277777777777
2.147638888888889
2.0629166666666667
2.0954166666666665
2.0684722222222223
1.8725
2.0297222222222224
1.7172222222222222
1.8094444444444444
2.0455555555555556
2.0052777777777777
1.7968055555555555
1.730138888888889
1.8497222222222223
1.874861111111111
1.863888888888889
1.8220833333333333
1.9144444444444444
1.9002777777777777
1.677638888888889
1.8506944444444444
1.8611111111111112
1.745
1.7158333333333333
1.7434722222222223
1.6659722222222222
1.6922222222222223
1.6966666666666668
1.9922222222222221
1.6081944444444445
