-27930.0
-23494.0
-30713.0
-18912.0
-20861.0
-27649.0
-16070.0
-23758.0
-18528.0
-24648.0
-18577.0
-18442.0
-17526.0
-19748.0
-17161.0
-16332.0
-18800.0
-19824.0
-16250.0
-17245.0
-16686.0
-15015.0
-19199.0
-15498.0
-16565.0
-14192.0
-14389.0
-12962.0
-17317.0
-12621.0
-11452.0
-14946.0
-13332.0
-11958.0
-15184.0
-14565.0
-11769.0
-12091.0
-10231.0
-12126.0
-13259.0
-13536.0
-11560.0
-9400.0
-9978.0
-9993.0
-11461.0
-11186.0
-11274.0
-10473.0
-10705.0
-10893.0
-8957.0
-9190.0
-8902.0
-9829.0
-9702.0
-7004.0
-7439.0
-8472.0
-8673.0
-9850.0
-7818.0
-7460.0
-9791.0
-7069.0
-7199.0
-7438.0
-7142.0
-7141.0
-9081.0
-7965.0
-7024.0
-7052.0
-7339.0
-6010.0
-6138.0
-5306.0
-5548.0
-6978.0
-5973.0
-6105.0
-5514.0
-5731.0
-5744.0
-5496.0
-5271.0
-6054.0
-5838.0
-4782.0
-6094.0
-5787.0
-5119.0
-4657.0
-5497.0
-5260.0
-4417.0
-4518.0
-5716.0
-4772.0
