46079
35710
36267
34083
42003
33904
32617
32655
29786
32127
36834
30315
33827
27225
30546
27138
33331
28442
30338
24237
28774
23000
23008
22217
22980
24290
25292
22298
25283
24519
24692
20682
24625
20719
22932
19645
22458
20377
18149
26308
21336
18015
20394
20091
18904
20086
20097
18463
19053
19875
17446
17817
17366
18579
18221
18190
17810
18026
16183
16690
19403
16143
14598
17360
18290
14075
15127
15738
16604
16096
16988
13141
15045
13999
13917
13653
14751
12908
14431
12024
14895
11584
12735
13918
12388
13496
12988
12878
12946
11563
12379
12121
11370
12995
11238
11984
12765
12923
12585
10402
