-22149.0
-26507.0
-27433.0
-27541.0
-18420.0
-22199.0
-18781.0
-26070.0
-26849.0
-18777.0
-25303.0
-20123.0
-18328.0
-15380.0
-18018.0
-14715.0
-13189.0
-14961.0
-15340.0
-15875.0
-22826.0
-16179.0
-16455.0
-15193.0
-17164.0
-12862.0
-15778.0
-15082.0
-15266.0
-13776.0
-13964.0
-13972.0
-14130.0
-16431.0
-13579.0
-20344.0
-11345.0
-17559.0
-12336.0
-12098.0
-13400.0
-11536.0
-11845.0
-10694.0
-10352.0
-10073.0
-10105.0
-10022.0
-10808.0
-8670.0
-10419.0
-10588.0
-9651.0
-8077.0
-11206.0
-9998.0
-10381.0
-9447.0
-9167.0
-7708.0
-9012.0
-8038.0
-8417.0
-6143.0
-8247.0
-9003.0
-7326.0
-7025.0
-7522.0
-7201.0
-8002.0
-7794.0
-7072.0
-6944.0
-7389.0
-6482.0
-5055.0
-6702.0
-7091.0
-6416.0
-6577.0
-6472.0
-5907.0
-7136.0
-6155.0
-6788.0
-5980.0
-6608.0
-5749.0
-5478.0
-5393.0
-6476.0
-5415.0
-5553.0
-5100.0
-5195.0
-4607.0
-5376.0
-5060.0
-4598.0
