6.399861111111111
4.959722222222222
5.037083333333333
4.73375
5.83375
4.708888888888889
4.530138888888889
4.535416666666666
4.1369444444444445
4.462083333333333
5.115833333333334
4.210416666666666
4.698194444444445
3.78125
4.2425
3.7691666666666666
4.629305555555556
3.950277777777778
4.213611111111111
3.36625
3.9963888888888888
3.1944444444444446
3.1955555555555555
3.0856944444444445
3.191666666666667
3.373611111111111
3.512777777777778
3.0969444444444445
3.511527777777778
3.4054166666666665
3.4294444444444445
2.8725
3.420138888888889
2.877638888888889
3.185
2.7284722222222224
3.1191666666666666
2.830138888888889
2.5206944444444446
3.653888888888889
2.9633333333333334
2.502083333333333
2.8325
2.7904166666666668
2.6255555555555556
2.789722222222222
2.79125
2.5643055555555554
2.64625
2.7604166666666665
2.4230555555555555
2.4745833333333334
2.4119444444444444
2.580416666666667
2.5306944444444444
2.526388888888889
2.473611111111111
2.5036111111111112
2.247638888888889
2.3180555555555555
2.694861111111111
2.2420833333333334
2.0275
2.411111111111111
2.540277777777778
1.9548611111111112
2.100972222222222
2.1858333333333335
2.306111111111111
2.2355555555555555
2.3594444444444442
1.8251388888888889
2.089583333333333
1.9443055555555555
1.9329166666666666
1.89625
2.04875
1.7927777777777778
2.0043055555555553
1.67
2.06875
1.6088888888888888
1.76875
1.9330555555555555
1.7205555555555556
1.8744444444444444
1.8038888888888889
1.7886111111111112
1.7980555555555555
1.6059722222222221
1.7193055555555556
1.6834722222222223
1.5791666666666666
1.804861111111111
1.5608333333333333
1.6644444444444444
1.7729166666666667
1.794861111111111
1.7479166666666666
1.4447222222222222
